H|           1| |00 00 00.22|+01 05 20.4| 9.10| |H|000.00091185|+01.08901332| |   3.54|   -5.20|   -1.88|  1.32|  0.74|  1.39|  1.36|  0.81| 0.32|-0.07|-0.11|-0.24| 0.09|-0.01| 0.10|-0.01| 0.01| 0.34|  0| 0.74|     1| 9.643|0.020| 9.130|0.019| | 0.482|0.025|T|0.55|0.03|L| | 9.2043|0.0020|0.017| 87| | 9.17| 9.24|       | | | |          | |  | 1| | | |  |   |       |     |     |    |S| | |224700|B+00 5077 |          |          |0.66|F5          |S 
H|           2| |00 00 00.91|-19 29 55.8| 9.27| |G|000.00379737|-19.49883745|+|  21.90|  181.21|   -0.93|  1.28|  0.70|  3.10|  1.74|  0.92| 0.12|-0.14|-0.24|-0.29| 0.01| 0.21|-0.02|-0.19|-0.28| 0.14|  2| 1.45|     2|10.519|0.033| 9.378|0.021| | 0.999|0.002|G|1.04|0.00|I| | 9.4017|0.0017|0.015|120| | 9.37| 9.44|       |C| | |          | |  | 1|O| | |  |   |       |     |     |    | | | |224690|B-20 6688 |          |          |1.04|K3V         |4 
H|           3| |00 00 01.20|+38 51 33.4| 6.61| |G|000.00500795|+38.85928608| |   2.81|    5.24|   -2.91|  0.53|  0.40|  0.63|  0.57|  0.47| 0.06| 0.09| 0.04| 0.43|-0.01|-0.06| 0.03| 0.24| 0.07| 0.21|  0|-0.45|     3| 6.576|0.004| 6.621|0.005| |-0.019|0.004|G|0.00|0.00|H| | 6.6081|0.0007|0.008|127| | 6.60| 6.62|       |C| | |00000+3852|I| 1| 1| | | |  |   |       |     |     |    |S| | |224699|B+38 5108 |          |          |0.00|B9          |S 
H|           4| |00 00 02.01|-51 53 36.8| 8.06| |H|000.00838170|-51.89354612| |   7.75|   62.85|    0.16|  0.53|  0.59|  0.97|  0.65|  0.65|-0.22|-0.09|-0.03| 0.24| 0.20| 0.08| 0.18| 0.08|-0.31|-0.18|  0|-1.46|     4| 8.471|0.007| 8.092|0.007| | 0.370|0.009|T|0.43|0.01|L| | 8.1498|0.0011|0.015|201| | 8.12| 8.18|       | | | |          | |  | 1| | | |  |   |       |     |     |    |S| | |224707|          |          |P-52 12237|0.43|F0V         |2 
H|           5| |00 00 02.39|-40 35 28.4| 8.55| |H|000.00996534|-40.59122440| |   2.87|    2.53|    9.07|  0.64|  0.61|  1.11|  0.67|  0.74| 0.10| 0.24| 0.06| 0.26|-0.10| 0.20|-0.16|-0.30|-0.19| 0.06|  0|-1.24|     5| 9.693|0.014| 8.656|0.010| | 0.902|0.013|T|0.90|0.01|L| | 8.7077|0.0018|0.019|161| | 8.68| 8.74|       | | | |          | |  | 1| | | |  |   |       |     |     |    | | | |224705|          |C-41 15372|P-41  9991|0.95|G8III       |2 
H|           6| |00 00 04.35|+03 56 47.4|12.31| |G|000.01814144|+03.94648893| |  18.80|  226.29|  -12.84|  4.03|  2.18|  4.99|  6.15|  3.20| 0.35|-0.01| 0.03|-0.11|-0.02| 0.47|-0.02| 0.03| 0.31| 0.35|  4| 2.95|     6|      |     |      |     | | 1.336|0.020|G|1.55|0.03|I| |12.4488|0.0085|0.091| 87| |12.30|12.60|       | | | |          | |  | 1| | | |  |   |       |     |     |    | |G| |      |          |          |          |1.55|M0V:        |S 
H|           7| |00 00 05.41|+20 02 11.8| 9.64| |G|000.02254891|+20.03660216| |  17.74| -208.12| -200.79|  1.01|  0.79|  1.30|  1.13|  0.82| 0.32| 0.08|-0.02|-0.04| 0.12| 0.06| 0.11| 0.00| 0.16| 0.43|  0| 0.21|     7|10.542|0.039| 9.679|0.030| | 0.740|0.020|G|0.79|0.02|H| | 9.6795|0.0021|0.017|104| | 9.65| 9.72|       |C| | |          | |  | 1| | | |  |   |       |     |     |    | | | |      |B+19 5185 |          |          |0.79|G0          |S 
H|           8| |00 00 06.55|+25 53 11.3| 9.05|3|H|000.02729160|+25.88647445| |   5.17|   19.09|   -5.66|  1.70|  0.93|  1.95|  1.54|  0.88| 0.27|-0.66|-0.36|-0.38|-0.12| 0.36|-0.21|-0.24| 0.32| 0.18|  0| 0.98|     8|10.433|0.055| 9.151|0.029| | 1.102|0.051|T|3.92|0.39|O| | 8.5522|0.1671|1.460| 77| | 7.15|11.25| 327.50|P|1|B|          | |  | 1| | |S|  |   |       |     |     |    | |G|P|224709|B+25 5054 |          |          |4.82|M6e-M8.5e Tc|G 
H|           9| |00 00 08.48|+36 35 09.4| 8.59| |H|000.03534189|+36.58593777| |   4.81|   -6.30|    8.42|  0.86|  0.55|  0.99|  1.02|  0.65| 0.03| 0.16|-0.01| 0.00| 0.07|-0.02| 0.08| 0.04| 0.10| 0.13|  3|-1.26|     9| 9.962|0.025| 8.711|0.015| | 1.067|0.023|T|1.03|0.02|L| | 8.7534|0.0018|0.014|107| | 8.73| 8.78|       |C| | |          | |  | 1| | | |  |   |       |     |     |    | | | |224708|B+35 5149 |          |          |1.00|G5          |S 
H|          10| |00 00 08.70|-50 52 01.5| 8.59| |H|000.03625309|-50.86707360| |  10.76|   42.23|   40.02|  0.77|  0.73|  1.10|  0.98|  0.82|-0.13|-0.24| 0.11| 0.01|-0.07| 0.06| 0.00|-0.18|-0.22|-0.13|  0| 0.82|    10| 9.140|0.011| 8.630|0.010| | 0.489|0.011|T|0.56|0.01|L| | 8.6994|0.0020|0.019|156| | 8.66| 8.75|       | | | |          | |  | 1| | | |  |   |       |     |     |    |S| | |224717|          |C-51 13738|P-51 12065|0.51|F6V         |2 
H|          11| |00 00 08.95|+46 56 24.0| 7.34| |H|000.03729695|+46.94000154| |   4.29|   11.09|   -2.02|  0.52|  0.51|  0.84|  0.53|  0.54| 0.09| 0.20| 0.31|-0.30| 0.00|-0.11| 0.06| 0.21| 0.26| 0.05|  0|-0.23|    11| 7.446|0.005| 7.364|0.005| | 0.081|0.007|T|0.09|0.01|L| | 7.3777|0.0010|0.012|153| | 7.36| 7.40|       |C| | |          | |  | 1| | | |  |   |       |     |     |    |S| | |224720|B+46 4231 |          |          |0.07|A2          |S 
H|          12| |00 00 09.82|-35 57 36.8| 8.43| |H|000.04091756|-35.96022482| |   4.06|   -5.99|   -0.10|  0.81|  0.58|  1.16|  1.02|  0.72| 0.13|-0.09|-0.17|-0.36| 0.00| 0.16|-0.01|-0.41| 0.29| 0.02|  2| 0.76|    12|10.369|0.023| 8.588|0.010| | 1.484|0.020|T|1.50|0.03|L| | 8.5598|0.0012|0.017|177| | 8.53| 8.59|       | | | |          | |  | 1| | | |  |   |       |     |     |    | | | |224715|          |C-36 16128|P-36  9818|1.41|K4III       |3 
H|          13| |00 00 10.00|-22 35 40.9| 8.80| |H|000.04167970|-22.59468060| |   3.49|    8.45|  -10.07|  1.21|  0.67|  1.48|  1.44|  0.59| 0.15| 0.23| 0.24| 0.09| 0.09| 0.24|-0.05|-0.37|-0.04|-0.10|  0|-0.46|    13|10.216|0.026| 8.887|0.014| | 1.128|0.023|T|1.09|0.02|L| | 8.9707|0.0017|0.015|117| | 8.94| 9.00|       | | | |          | |  | 1| | | |  |   |       |     |     |    | | | |224728|          |C-23 18112|P-23  8368|1.04|K0III       |4 
H|          14| |00 00 11.59|-00 21 37.5| 7.25| |G|000.04827189|-00.36042119| |   5.11|   61.75|  -11.67|  0.88|  0.54|  0.99|  1.12|  0.59| 0.34| 0.01|-0.21| 0.23|-0.03| 0.11| 0.01|-0.24| 0.27| 0.40|  0|-0.31|    14| 8.812|0.013| 7.396|0.008| | 1.200|0.015|G|1.16|0.01|H| | 7.4195|0.0009|0.009| 97| | 7.41| 7.43|       |C| | |          | |  | 1| | | |  |   |       |     |     |    |S| | |224726|B-01 4515 |          |          |1.16|K0          |S 
H|          15| |00 00 12.07|+50 47 28.2| 8.60| |H|000.05030890|+50.79117384| |   2.45|   13.88|    5.47|  0.66|  0.70|  1.16|  0.78|  0.70|-0.27| 0.08| 0.27| 0.22| 0.05| 0.09| 0.06|-0.06| 0.14|-0.19|  0| 0.35|    15|10.117|0.020| 8.739|0.011| | 1.166|0.018|T|1.13|0.02|L| | 8.7669|0.0018|0.022|192| | 8.73| 8.80|       | | | |          | |  | 1| | | |  |   |       |     |     |    | | | |236267|B+49 4303 |          |          |1.23|K2          |S 
H|          17| |00 00 12.26|-40 11 32.4| 8.15| |H|000.05109957|-40.19232842| |   6.15|  -34.46|  -26.37|  0.57|  0.55|  1.00|  0.61|  0.65| 0.18| 0.24| 0.13| 0.29|-0.07| 0.11|-0.15|-0.35|-0.18| 0.11|  0|-0.62|    17| 8.642|0.008| 8.187|0.008| | 0.425|0.007|G|0.49|0.01|H| | 8.2405|0.0011|0.015|180| | 8.22| 8.27|       | | | |          | |  | 1| | | |  |   |       |     |     |    |S| | |224732|          |C-40 15306|P-40  9904|0.49|F3V         |2 
H|          16| |00 00 12.34|-54 54 50.9|11.71| |G|000.05140852|-54.91412819| |   0.53|  257.39|  -96.63|  1.49|  1.67|  2.63|  1.81|  1.95|-0.27|-0.07|-0.13| 0.02| 0.03| 0.04| 0.05|-0.08|-0.09|-0.22|  0| 0.76|    16|      |     |      |     | | 0.421|0.015|G|0.49|0.02|H| |11.8279|0.0062|0.072|196| |11.66|11.94|       | | | |          | |  | 1| | |S|  |   |       |     |     |    | |G| |      |          |          |P-55 10131|0.49|            |  
H|          18| |00 00 12.75|-04 03 13.5|11.03| |G|000.05313923|-04.05373813| |  19.93| -127.22|   23.78|  2.18|  1.20|  2.36|  2.69|  1.15| 0.24| 0.19| 0.04|-0.08| 0.03| 0.15| 0.03|-0.30| 0.26| 0.18|  3| 0.05|    18|      |     |      |     | | 1.567|0.197|G|1.49|0.02|A| |11.0625|0.0035|0.035|114| |10.98|11.12|       |C| | |          | |  | 1| | | |  |   |       |     |     |    | |G| |      |B-04 6001 |          |          |1.49|K5          |S 
H|          19| |00 00 12.80|+38 18 14.7| 6.53| |H|000.05331696|+38.30408636| |   4.12|   -2.50|  -15.07|  0.55|  0.40|  0.64|  0.60|  0.45| 0.09|-0.05| 0.03| 0.53|-0.08|-0.10|-0.04| 0.21| 0.08| 0.23|  0|-0.84|    19| 7.739|0.006| 6.630|0.004| | 0.955|0.005|G|0.94|0.00|H| | 6.6890|0.0007|0.007|144| | 6.68| 6.70|       |C| | |          | |  | 1| | | |  |   |       |     |     |    |S| | |224721|B+37 4912 |          |          |0.94|G5          |S 
H|          20| |00 00 15.11|+23 31 45.4| 8.51| |G|000.06295050|+23.52928397| |  10.76|   36.00|  -22.98|  0.88|  0.59|  1.06|  0.92|  0.59| 0.30| 0.39| 0.19| 0.10| 0.02| 0.08| 0.09|-0.05| 0.20| 0.32|  0| 0.50|    20| 9.074|0.015| 8.549|0.014| | 0.516|0.015|G|0.59|0.02|H| | 8.6208|0.0015|0.011| 94| | 8.60| 8.64|       | | | |          | |  | 1| | | |  |   |       |     |     |    |S| | |224723|B+22 4939 |          |          |0.59|G0          |S 
H|          21| |00 00 15.90|+08 00 26.0| 7.55| |H|000.06623569|+08.00723437| |   5.84|   61.89|   -0.22|  0.84|  0.51|  0.95|  0.84|  0.56| 0.20| 0.13|-0.09|-0.10| 0.01| 0.03| 0.06|-0.16| 0.30| 0.36|  2| 2.05|    21| 9.413|0.019| 7.689|0.009| | 1.438|0.017|T|1.43|0.03|L| | 7.6923|0.0012|0.010| 97| | 7.67| 7.71|       |C| | |          | |  | 1| | | |  |   |       |     |     |    |S| | |224724|B+07 5113 |          |          |1.36|K2          |S 
H|          22| |00 00 16.83|-49 21 08.2| 8.69| |H|000.07013593|-49.35226686| |   4.47|   -7.90|    0.46|  0.63|  0.79|  1.15|  0.71|  0.93|-0.06|-0.01|-0.10|-0.16|-0.14| 0.08|-0.12|-0.26|-0.06| 0.07|  0|-0.40|    22| 9.919|0.015| 8.803|0.010| | 0.962|0.014|T|0.95|0.01|L| | 8.8563|0.0017|0.024|212| | 8.82| 8.90|       | | | |          | |  | 1| | | |  |   |       |     |     |    | | | |224735|          |C-50 14096|P-50 11892|0.98|G8/K0III/IV |2 
H|          23| |00 00 17.86|+13 18 44.0| 7.57| |G|000.07442930|+13.31221083| |  12.21|   54.15|    9.65|  0.90|  0.52|  0.95|  0.91|  0.55| 0.17| 0.10| 0.12|-0.23| 0.19| 0.09| 0.15|-0.01| 0.10| 0.36|  0| 0.32|    23| 8.044|0.008| 7.606|0.008| | 0.456|0.015|G|0.53|0.02|H| | 7.6626|0.0015|0.011| 93| | 7.63| 7.68|       |C| | |          | |  | 1| | | |  |   |       |     |     |    |S| | |224742|B+12 5056 |          |          |0.53|F2V         |X 
H|          24| |00 00 18.25|-23 27 09.9| 9.05| |H|000.07604979|-23.45274913| |   9.73|  127.15|   22.22|  1.00|  0.61|  1.21|  1.21|  0.55| 0.03|-0.12| 0.21|-0.10| 0.12| 0.27| 0.01|-0.37|-0.02|-0.13|  1| 0.24|    24| 9.662|0.015| 9.103|0.014| | 0.528|0.015|T|0.60|0.02|L| | 9.1657|0.0015|0.017|139| | 9.13| 9.20|       |C| | |          | |  | 1| | |S|  |   |       |     |     |    | | | |224746|          |C-24 17941|P-24  7502|0.49|G0V         |4 
H|          25|H|00 00 19.05|-44 17 25.1| 6.28| |G|000.07936537|-44.29029741|A|  13.74|   58.36| -108.64|  0.88|  0.81|  0.98|  0.73|  0.68|-0.32| 0.18|-0.07| 0.02|-0.14| 0.02|-0.10|-0.25| 0.10|-0.02|  2|-0.52|    25| 7.238|0.004| 6.375|0.003|*| 0.763|0.003|G|0.80|0.00|H|*| 6.4211|0.0006|0.008|197|*| 6.41| 6.44|       |D| | |00003-4417|I| 1| 2|C| |A|AB|316|  0.463|0.002| 0.66|0.01|S| | |224750|          |C-44 15420|P-44 10394|0.80|G3IV        |X 
H|          26| |00 00 20.24|-13 23 35.9| 9.13| |H|000.08434579|-13.39329686| |   9.19| -103.33|  -33.35|  1.00|  0.83|  1.34|  1.42|  0.75| 0.42|-0.13|-0.12|-0.12|-0.16| 0.33|-0.24|-0.55| 0.25| 0.31|  0|-0.56|    26| 9.747|0.020| 9.179|0.019| | 0.535|0.020|T|0.61|0.02|L| | 9.2438|0.0018|0.020|131| | 9.21| 9.29|       | | | |          | |  | 1| | | |  |   |       |     |     |    |S| | |224744|B-14 6597 |          |          |0.65|F7V         |4 
H|          27| |00 00 20.51|-41 17 51.1| 9.32| |H|000.08546976|-41.29753696| |   9.66|  135.96| -113.67|  0.82|  0.73|  1.38|  0.95|  0.94|-0.02|-0.06| 0.07| 0.19|-0.03| 0.06|-0.04|-0.34|-0.15|-0.04|  2|-0.07|    27|10.140|0.017| 9.389|0.015| | 0.671|0.017|T|0.73|0.01|L| | 9.4598|0.0026|0.026|184| | 9.41| 9.50|       | | | |          | |  | 1| | | |  |   |       |     |     |    |S| | |224748|          |C-41 15375|P-41  9992|0.70|G5V         |2 
H|          28| |00 00 20.94|-43 21 42.5| 8.83| |H|000.08724871|-43.36179962| |   5.64|  -10.96|   -8.69|  0.71|  0.60|  1.05|  0.83|  0.78| 0.05|-0.03|-0.11| 0.17|-0.15| 0.26|-0.14|-0.45| 0.08| 0.08|  0|-0.76|    28| 9.376|0.012| 8.892|0.012| | 0.468|0.013|T|0.54|0.01|L| | 8.9386|0.0014|0.016|171| | 8.92| 8.97|       | | | |          | |  | 1| | | |  |   |       |     |     |    |S| | |224749|          |C-44 15421|P-44 10395|0.51|F3/F5V      |2 
H|          29| |00 00 22.11|-49 06 28.6| 9.14| |H|000.09213106|-49.10795505| |   2.85|   26.86|    4.05|  0.75|  0.92|  1.40|  0.79|  1.09|-0.09|-0.11|-0.18|-0.24|-0.08|-0.03|-0.11|-0.24| 0.08| 0.00|  0|-0.23|    29|10.502|0.022| 9.284|0.013| | 1.041|0.020|T|1.01|0.02|L| | 9.3109|0.0019|0.024|199| | 9.26| 9.36|       | | | |          | |  | 1| | |S|  |   |       |     |     |    | | | |224751|          |C-49 14311|P-49 11836|0.94|G8III       |2 
H|          30| |00 00 23.07|+42 08 29.4| 8.26| |H|000.09613563|+42.14149882| |   3.79|   -8.44|  -10.14|  0.53|  0.53|  0.88|  0.72|  0.54| 0.07| 0.11| 0.26|-0.09|-0.05|-0.14| 0.02| 0.14| 0.16|-0.08|  0| 0.03|    30| 8.414|0.007| 8.266|0.008| | 0.142|0.010|T|0.16|0.01|L| | 8.3069|0.0011|0.012|151| | 8.29| 8.33|       |C| | |          | |  | 1| | | |  |   |       |     |     |    |S| | |224757|B+41 4916 |          |          |0.12|A0          |S 
H|          31| |00 00 23.54|+02 40 31.7| 7.63| |H|000.09809390|+02.67547768| |   1.84|   -4.88|   -0.20|  1.06|  0.61|  1.05|  1.49|  0.69| 0.19| 0.17|-0.04|-0.33| 0.14|-0.02| 0.22| 0.10| 0.07|-0.07|  0|-0.07|    31| 9.534|0.021| 7.791|0.010| | 1.453|0.018|T|1.46|0.03|L| | 7.7648|0.0020|0.014| 80| | 7.75| 7.79|       |C| | |          | |  | 1| | | |  |   |       |     |     |    |S| | |224760|B+01 4814 |          |          |1.12|K2          |S 
H|          32| |00 00 23.66|+51 56 22.2| 9.09| |H|000.09858375|+51.93949050| |   3.10|   -0.39|   -1.38|  0.78|  0.74|  1.29|  0.94|  0.79|-0.18| 0.07| 0.18| 0.04| 0.08| 0.08| 0.08| 0.02| 0.19|-0.12|  2| 0.61|    32| 9.108|0.011| 9.070|0.015| | 0.040|0.017|T|0.06|0.01|L| | 9.1043|0.0022|0.024|161| | 9.06| 9.15|       | | | |          | |  | 1| | | |  |   |       |     |     |    | | | |224756|B+51 3756 |          |          |0.05|B8          |S 
H|          33| |00 00 23.80|-10 27 44.8| 8.10| |H|000.09918083|-10.46245445| |   8.94|   -3.62|   28.71|  0.90|  0.48|  1.09|  1.39|  0.47| 0.30|-0.31|-0.06|-0.25| 0.02| 0.33|-0.14|-0.38| 0.30| 0.23|  0| 0.26|    33| 8.616|0.009| 8.152|0.009| | 0.466|0.015|G|0.54|0.02|H| | 8.2076|0.0011|0.010|150| | 8.19| 8.23|       |C| | |          | |  | 1| | | |  |   |       |     |     |    |S| | |224743|B-11 6175 |          |          |0.54|F2          |S 
H|          34| |00 00 23.87|+26 55 05.7| 6.43| |H|000.09946973|+26.91823821| |  12.71|   42.20|  -53.47|  0.61|  0.43|  0.74|  0.64|  0.43| 0.15| 0.32| 0.13| 0.00| 0.04| 0.02| 0.07|-0.07| 0.15| 0.09|  0| 1.99|    34| 7.040|0.004| 6.491|0.004| | 0.514|0.005|T|0.59|0.01|L| | 6.5466|0.0009|0.007|105| | 6.53| 6.56|       | | | |00004+2655|I| 1| 1| | | |  |   |       |     |     |    |S| | |224758|B+26 4727 |          |          |0.58|F7.5IV-V    |S 
H|          35| |00 00 24.61|-14 29 25.7| 9.07| |H|000.10256052|-14.49048072| |   5.96|  162.25|   -1.47|  1.13|  0.69|  1.45|  1.66|  0.62| 0.29|-0.34|-0.22|-0.22|-0.07| 0.44|-0.14|-0.47| 0.26| 0.19|  2| 1.25|    35|10.214|0.029| 9.181|0.019| | 0.916|0.004|G|0.96|0.00|I| | 9.2353|0.0016|0.020|125| | 9.21| 9.27|       |C| | |          | |  | 1| | | |  |   |       |     |     |    | | | |224745|B-15 6528 |          |          |0.96|G8/K0III/IV |4 
H|          36| |00 00 24.79|+12 16 01.5| 7.68| |H|000.10327550|+12.26709303| |   6.30|   49.71|   14.27|  0.82|  0.53|  0.96|  0.85|  0.60| 0.26| 0.15|-0.05|-0.12| 0.03|-0.01| 0.07|-0.11| 0.23| 0.50|  0| 0.34|    36| 9.159|0.015| 7.801|0.009| | 1.150|0.014|T|1.11|0.01|L| | 7.8503|0.0015|0.009| 87| | 7.83| 7.87|       |C| | |          | |  | 1| | | |  |   |       |     |     |    |S| | |224759|B+11 5085 |          |          |1.06|K0          |S 
H|          37|H|00 00 25.28|-47 10 46.5|10.44| |H|000.10535190|-47.17958382|*|   3.74|   -6.92|    7.03|  3.67|  2.50|  2.72|  2.23|  2.14| 0.10|-0.14|-0.08|-0.13|-0.09| 0.12|-0.09|-0.26| 0.11|-0.04|  2|-0.24|    37|10.857|0.036|10.457|0.040|*| 0.391|0.045|T|0.46|0.05|L|*|10.5345|0.0037|0.035|131|*|10.44|10.61|       |D| | |00004-4711|H| 1| 2|C| |A|AB|332|  0.233|0.017| 0.78|0.28| | | |224764|          |C-47 14771|P-47 10072|0.39|F0V         |2 
H|          38| |00 00 26.65|-79 03 42.6| 8.65| |H|000.11104694|-79.06183133| |  23.84|  162.30|  -62.40|  0.64|  0.68|  0.78|  0.74|  0.64| 0.10|-0.04|-0.14| 0.05| 0.09|-0.05| 0.07|-0.04| 0.03| 0.13|  0|-1.56|    38| 9.614|0.016| 8.723|0.012| | 0.778|0.015|T|0.81|0.01|L| | 8.7855|0.0019|0.020|127| | 8.76| 8.81|       |C| | |          | |  | 1| | | |  |   |       |     |     |    | | | |224752|          |          |P-79  1245|0.84|G6V         |1 
H|          39| |00 00 26.85|-16 41 48.9| 7.46| |G|000.11186148|-16.69693020| |  10.98|  169.72|  -32.54|  0.95|  0.61|  1.18|  1.40|  0.57| 0.30|-0.02|-0.02|-0.32|-0.06| 0.17|-0.12|-0.47| 0.14| 0.11|  2|-0.03|    39| 7.986|0.008| 7.493|0.008| | 0.475|0.009|T|0.55|0.01|L| | 7.5669|0.0010|0.010|102| | 7.55| 7.58|       |C| | |          | |  | 1| | | |  |   |       |     |     |    |S| | |224763|B-17 6860 |          |          |0.50|F3V         |4 
H|          41| |00 00 27.98|+54 18 08.1| 8.70| |H|000.11656351|+54.30223774| |   3.42|    1.78|   -0.47|  0.66|  0.67|  1.04|  0.78|  0.71|-0.24| 0.26| 0.13| 0.24| 0.01| 0.08| 0.05|-0.04| 0.06|-0.15|  0|-1.53|    41| 8.699|0.009| 8.676|0.011| | 0.026|0.013|T|0.04|0.01|L| | 8.7202|0.0018|0.021|172| | 8.68| 8.76|       | | | |          | |  | 1| | | |  |   |       |     |     |    | | | |224768|B+53 3270 |          |          |0.04|A0          |S 
H|          40|H|00 00 29.27|+67 13 00.4|10.61|2|G|000.12196971|+67.21679125|A|  -3.40|   -2.99|   -3.18|  3.83|  3.95|  4.25|  4.14|  3.75|-0.11|-0.09| 0.24|-0.04| 0.12| 0.17| 0.08|-0.21| 0.12|-0.10|  7| 1.79|    40|      |     |      |     | | 0.570|0.042|G|0.64|0.04|R|*|10.3360|0.0056|0.082|124|*|10.24|10.55|       |U|2|C|00005+6713|I| 1| 2|C| |A|AB|225|  8.198|0.010| 0.17|0.03| |G| |      |B+66 1669 |          |          |0.64|B...        |S 
H|          42| |00 00 30.09|+25 50 41.2| 8.20| |G|000.12538666|+25.84478059| |   6.38|   20.70|   -6.51|  0.77|  0.54|  0.91|  0.87|  0.56| 0.13| 0.17| 0.11| 0.07|-0.07|-0.11|-0.02|-0.09| 0.19| 0.07|  0| 0.31|    42| 8.656|0.011| 8.238|0.011| | 0.387|0.012|G|0.45|0.01|H| | 8.2911|0.0011|0.010|102| | 8.28| 8.31|       | | | |          | |  | 1| | | |  |   |       |     |     |    |S| | |224771|B+25 5055 |          |          |0.45|F2          |S 
H|          43| |00 00 30.98|+59 33 35.1| 6.18| |H|000.12908900|+59.55973786| |   7.63|  -80.60|  -24.07|  0.42|  0.45|  0.60|  0.56|  0.49|-0.20| 0.08| 0.08| 0.05|-0.02|-0.02| 0.01|-0.15| 0.18|-0.16|  2| 0.93|    43| 7.497|0.005| 6.290|0.003| | 1.032|0.005|T|1.00|0.00|L| | 6.3456|0.0006|0.007|147| | 6.34| 6.36|       |C| | |          | |  | 1| | | |  |   |       |     |     |    |S| | |224784|B+58 2685 |          |          |1.00|G9III-IV    |X 
H|          44| |00 00 31.85|-03 18 22.9| 7.91| |H|000.13272230|-03.30636174| |   2.41|   11.10|   16.04|  1.11|  0.50|  1.01|  1.37|  0.51| 0.18| 0.15|-0.03|-0.43| 0.06| 0.03| 0.03|-0.26| 0.13| 0.20|  0| 1.42|    44| 9.347|0.020| 8.048|0.012| | 1.104|0.018|T|1.07|0.02|L| | 8.0825|0.0012|0.009|114| | 8.07| 8.10|       |C| | |          | |  | 1| | | |  |   |       |     |     |    |S| | |224776|B-04 6003 |          |          |1.07|K2          |S 
H|          45|H|00 00 32.21|-72 12 09.8| 9.59| |H|000.13420453|-72.20271031|A|  15.10|  -37.20|   -2.78|  1.82|  1.68|  1.92|  1.95|  1.64| 0.05| 0.15|-0.14| 0.08| 0.14| 0.00| 0.14| 0.06| 0.00| 0.08|  1| 0.92|    45|10.618|0.033| 9.808|0.026|A|      |     | |    |    |T|*| 9.7391|0.0025|0.028|130|*| 9.69| 9.79|       |D| | |00005-7212|I| 1| 2|C| |A|AB|242|  2.829|0.019| 2.06|0.09| | | |224766|          |          |P-72  2794|0.83|G6/G8V:     |1 
H|          46| |00 00 32.29|-25 37 20.1| 8.57| |H|000.13454429|-25.62225277| |   1.19|   15.17|  -13.39|  0.99|  0.58|  1.20|  1.34|  0.57| 0.07|-0.09|-0.09|-0.25| 0.08| 0.01| 0.00|-0.45| 0.28|-0.19|  0| 1.22|    46| 9.900|0.017| 8.690|0.011| | 1.035|0.016|T|1.01|0.01|L| | 8.7350|0.0013|0.017|167| | 8.70| 8.76|       |C| | |          | |  | 1| | | |  |   |       |     |     |    | | | |224778|          |C-26 16868|P-26  7539|0.95|K1III       |3 
H|          47| |00 00 32.45|-56 50 06.9|10.78| |G|000.13519236|-56.83524773| |  24.45|  -44.21| -145.90|  1.29|  1.35|  1.97|  1.49|  1.57|-0.11|-0.09|-0.02| 0.02| 0.07|-0.02| 0.10|-0.13|-0.09| 0.06|  4| 1.58|    47|12.125|0.127|10.909|0.072| | 1.150|0.020|G|1.25|0.04|I| |10.8416|0.0044|0.044|162| |10.73|10.91|       | | | |          | |  | 1| | |S|  |   |       |     |     |    | |G| |      |          |          |P-57 10399|1.25|K3V         |S 
H|          48| |00 00 32.45|-40 41 25.6| 7.31| |H|000.13522264|-40.69044664| |   1.86|    4.08|  -11.28|  0.56|  0.46|  0.87|  0.62|  0.57| 0.11| 0.14| 0.08| 0.38|-0.06| 0.12|-0.08|-0.33|-0.05| 0.09|  2|-1.59|    48| 8.813|0.009| 7.438|0.005| | 1.164|0.008|T|1.13|0.01|L| | 7.4752|0.0008|0.009|162| | 7.46| 7.49|       |C| | |          | |  | 1| | | |  |   |       |     |     |    |S| | |224780|          |C-41 15378|P-41  9995|1.09|K0/K1III    |2 
H|          49| |00 00 33.48|+16 40 08.5| 9.53| |H|000.13950066|+16.66903183| |   1.59|   26.66|    6.95|  1.02|  0.67|  1.28|  1.06|  0.67| 0.40| 0.06| 0.08| 0.05| 0.07| 0.08| 0.07| 0.01| 0.11| 0.46|  0|-2.08|    49|10.053|0.023| 9.575|0.024| | 0.450|0.030|T|0.52|0.03|L| | 9.6310|0.0020|0.018|114| | 9.60| 9.66|       |C| | |          | |  | 1| | | |  |   |       |     |     |    | | | |      |B+15 4920 |          |          |0.51|F5          |S 
H|          50|H|00 00 34.29|-53 05 51.6| 6.49| |G|000.14287059|-53.09766277|A|  16.89|   52.98|  -20.52|  0.52|  0.56|  0.80|  0.56|  0.55|-0.30|-0.25| 0.09| 0.17| 0.11| 0.01| 0.12|-0.07|-0.16|-0.32|  1|-0.72|    50| 7.256|0.004| 6.579|0.003|A| 0.616|0.005|G|0.68|0.00|H|*| 6.6231|0.0007|0.010|258|*| 6.61| 6.64|       |D| | |00006-5306|I| 1| 2|C| |A|AB|325|  1.699|0.014| 3.29|0.06|S| | |224782|          |          |P-53 10565|0.68|G1IV        |1 
H|          51| |00 00 34.41|+01 03 58.3| 8.94| |H|000.14339044|+01.06619726| |   0.41|   10.19|    6.33|  1.32|  0.71|  1.30|  1.44|  0.71| 0.19|-0.05|-0.17|-0.41| 0.18| 0.02| 0.13|-0.02| 0.14| 0.24|  0|-0.37|    51|10.082|0.027| 9.039|0.018| | 0.906|0.024|T|0.91|0.02|L| | 9.1050|0.0022|0.014| 86| | 9.07| 9.14|       | | | |          | |  | 1| | | |  |   |       |     |     |    | | | |224774|B+00 5080 |          |          |0.90|K0          |S 
H|          52| |00 00 35.20|-77 01 12.5| 8.56| |H|000.14665879|-77.02014050| |   3.95|   21.46|    9.91|  0.65|  0.62|  0.77|  0.76|  0.64|-0.04| 0.14|-0.24| 0.05| 0.08|-0.02| 0.06|-0.01|-0.08| 0.10|  0| 1.25|    52| 8.807|0.015| 8.595|0.018| | 0.196|0.023|T|0.21|0.03|L| | 8.6228|0.0020|0.016|131| | 8.59| 8.66|       | | | |          | |  | 1| | | |  |   |       |     |     |    |S| | |224767|          |          |P-77  1594|0.22|A4V         |1 
H|          53| |00 00 35.37|-29 15 48.2|10.96| |H|000.14739023|-29.26338247| |  -1.76|   11.94|  -12.96|  2.18|  1.03|  2.45|  3.15|  1.27| 0.03|-0.07| 0.07| 0.27| 0.05| 0.08|-0.10|-0.32| 0.11|-0.22|  0| 1.19|    53|      |     |      |     | |      |     | |    |    |T| |11.1006|0.0041|0.041|152| |11.03|11.17|       | | | |          | |  | 1| | | |  |   |       |     |     |    | |G| |      |          |C-29 18916|          |0.72|            |  
H|          54| |00 00 36.40|+17 58 08.2|10.57| |G|000.15165558|+17.96895579| |  20.97|  367.14|  -19.49|  1.26|  1.04|  1.71|  1.41|  1.02| 0.40|-0.01|-0.02|-0.03|-0.11| 0.17|-0.10|-0.22| 0.17| 0.42|  0| 0.68|    54|11.685|0.102|10.679|0.065| | 1.030|0.015|G|1.08|0.02|I| |10.6972|0.0035|0.029|108| |10.65|10.74|       |C| | |          | |  | 1| | | |  |   |       |     |     |    | |G| |      |          |          |          |1.08|M:          |S 
H|          55|H|00 00 37.88|-66 40 59.2| 7.40| |G|000.15783323|-66.68310336|A|  14.66|  162.88|  -28.82|  0.86|  0.85|  0.98|  0.82|  0.82|-0.14| 0.12|-0.24|-0.16| 0.07|-0.08| 0.03| 0.08|-0.11|-0.05|  2| 0.24|    55| 7.946|0.016| 7.381|0.015|*| 0.551|0.015|G|0.62|0.01|H|*| 7.5159|0.0010|0.012|135|*| 7.50| 7.54|       |D| | |00006-6641|I| 1| 2|C| |A|AB|274|  3.809|0.007| 1.79|0.02|S| | |224783|          |          |P-67  3997|0.62|G2IV/V      |1 
H|          56| |00 00 39.08|+00 13 22.6| 8.12| |H|000.16283175|+00.22293899| |   3.47|   39.02|   -3.09|  1.20|  0.62|  1.27|  1.71|  0.67| 0.11| 0.19|-0.24|-0.29| 0.01| 0.23| 0.07|-0.24| 0.29| 0.27|  0| 0.91|    56| 9.861|0.021| 8.276|0.011| | 1.329|0.019|T|1.29|0.02|L| | 8.2798|0.0014|0.013| 97| | 8.26| 8.30|       |C| | |00007+0013|I| 1| 1| | | |  |   |       |     |     |    |S| | |224785|B-00 4603 |          |          |1.24|K0          |S 
H|          57| |00 00 40.39|-69 40 32.9| 8.27|1|H|000.16828557|-69.67580068| |  33.89|  -40.97|  -67.59|  0.63|  0.64|  0.79|  0.66|  0.64|-0.08| 0.00|-0.29|-0.13|-0.05| 0.11|-0.01|-0.18| 0.05| 0.02|  1| 0.31|    57| 9.353|0.013| 8.353|0.009| | 0.863|0.012|T|0.88|0.01|L| | 8.4078|0.0023|0.026|161| | 8.37| 8.46|       |U| | |          | |  | 1| | | |  |   |       |     |     |    | | | |224789|          |          |P-70  3034|0.88|K2V         |1 
H|          58| |00 00 41.70|+62 10 33.6| 7.05| |H|000.17376341|+62.17600484| |  26.06|  -46.95|  -43.90|  0.48|  0.51|  0.67|  0.54|  0.57|-0.17| 0.16| 0.18| 0.21|-0.05|-0.05|-0.01|-0.02| 0.24|-0.21|  0|-1.05|    58| 7.665|0.006| 7.110|0.005| | 0.520|0.007|T|0.59|0.01|L| | 7.1625|0.0008|0.010|147| | 7.15| 7.18|       | | | |          | |  | 1| | | |  |   |       |     |     |    |S| | |224792|B+61 2580 |          |          |0.59|G0          |S 
H|          59| |00 00 41.87|+55 43 20.9| 9.09| |H|000.17444749|+55.72246267| |  -0.06|   -0.27|   -1.02|  0.85|  0.85|  1.38|  1.16|  0.98|-0.33|-0.05| 0.19|-0.29| 0.21| 0.37| 0.14|-0.18| 0.02|-0.25|  1| 1.99|    59| 9.218|0.020| 9.125|0.025| | 0.091|0.030|T|0.10|0.03|L| | 9.1257|0.0042|0.039|142| | 9.07| 9.19|       |R| | |          | |  | 1| | | |  |   |       |     |     |    | | | |236270|B+54 3093 |          |          |1.71|B5          |G 
H|          60| |00 00 42.10|-64 27 57.0| 8.34| |H|000.17542318|-64.46582516| |   6.18|    1.75|   10.74|  0.63|  0.60|  0.83|  0.70|  0.63|-0.06|-0.03|-0.27|-0.03| 0.11|-0.01| 0.12|-0.09|-0.17| 0.03|  0| 0.06|    60| 8.789|0.011| 8.381|0.011| | 0.386|0.014|T|0.45|0.01|L| | 8.4337|0.0016|0.019|143| | 8.40| 8.47|       |C| | |          | |  | 1| | | |  |   |       |     |     |    |S| | |224788|          |          |P-65  4190|0.44|F2IV        |1 
H|          61| |00 00 42.28|+53 49 19.9| 8.86| |H|000.17615726|+53.82218625| |   5.60|   32.68|  -16.70|  0.64|  0.68|  1.11|  0.89|  0.82|-0.32| 0.19| 0.12| 0.01| 0.01| 0.12|-0.01| 0.01|-0.02|-0.13|  1| 0.67|    61|10.275|0.022| 9.006|0.013| | 1.081|0.020|T|1.04|0.02|L| | 9.0314|0.0019|0.022|194| | 8.99| 9.07|       |R| | |          | |  | 1| | | |  |   |       |     |     |    | | | |236269|B+53 3271 |          |          |1.64|K5          |S 
H|          62| |00 00 43.19|-45 25 21.8| 8.27| |H|000.17996123|-45.42272731| |   5.28|    4.02|   -4.78|  0.89|  0.87|  1.15|  1.17|  1.19| 0.24| 0.08|-0.20|-0.11|-0.52| 0.12|-0.39|-0.71| 0.20| 0.45|  1| 1.71|    62| 9.545|0.013| 8.387|0.009| | 0.994|0.012|T|0.97|0.01|L| | 8.4354|0.0017|0.020|159| | 8.40| 8.47|       | | | |          | |  | 1|G| | |  |   |       |     |     |    |S| | |224800|          |C-46 14833|P-46 10614|1.00|G8III       |2 
H|          63| |00 00 43.62|+45 15 12.0| 6.36|1|H|000.18174950|+45.25333305| |   4.81|   17.38|    0.22|  0.41|  0.43|  0.71|  0.43|  0.44| 0.08| 0.06| 0.20|-0.14|-0.05|-0.10|-0.03| 0.16| 0.14| 0.06|  1|-0.20|    63| 6.291|0.003| 6.348|0.004| |-0.047|0.005|T|-.03|0.01|L| | 6.3485|0.0012|0.019|155| | 6.31| 6.37|   3.74|P|1|A|          | |  | 1| | | |  |   |       |     |     |    |S| |P|224801|B+44 4538 |          |          |-.02|B9p SiEu    |G 
H|          64| |00 00 44.30|-27 54 27.2| 8.08| |H|000.18458893|-27.90754614| |   3.45|   -5.93|  -14.59|  0.88|  0.48|  0.94|  1.22|  0.51| 0.03|-0.03| 0.09| 0.16| 0.05| 0.22|-0.07|-0.26| 0.01|-0.23|  0|-0.10|    64| 9.567|0.015| 8.202|0.009| | 1.156|0.014|T|1.12|0.01|L| | 8.2463|0.0016|0.017|172| | 8.22| 8.27|       | | | |          | |  | 1| | | |  |   |       |     |     |    |S| | |224798|          |C-28 18431|P-28  7744|1.10|K2III       |3 
H|          65| |00 00 45.11|-54 49 49.2|11.00| |G|000.18797532|-54.83034057| |  16.98| -205.14|  -75.34|  1.34|  1.54|  2.43|  1.65|  1.83|-0.25|-0.07|-0.15|-0.01| 0.05| 0.13| 0.08|-0.04|-0.13|-0.27|  1| 1.98|    65|12.193|0.135|10.953|0.067| | 1.147|0.005|G|1.24|0.01|I| |11.1289|0.0045|0.058|198| |11.01|11.22|       | | | |          | |  | 1| | | |  |   |       |     |     |    | |G| |      |          |          |P-55 10134|1.24|            |  
H|          66| |00 00 45.25|-72 19 05.7| 8.55| |H|000.18854917|-72.31824913| |   8.18|  -15.61|   11.88|  0.77|  0.68|  0.88|  0.89|  0.67|-0.11| 0.25|-0.19| 0.18| 0.11|-0.01| 0.09|-0.13|-0.05|-0.02|  0| 0.64|    66| 9.004|0.011| 8.587|0.011| | 0.401|0.023|G|0.47|0.03|H| | 8.6404|0.0020|0.020|140| | 8.61| 8.69|       | | | |          | |  | 1| | | |  |   |       |     |     |    |S| | |224790|          |          |P-73  2339|0.47|F2V         |1 
H|          67| |00 00 47.78|+23 32 17.7| 7.83| |G|000.19910132|+23.53824873| |   7.48|   91.05|  -12.35|  0.76|  0.55|  0.93|  0.81|  0.51| 0.28| 0.27| 0.11| 0.14| 0.01| 0.12| 0.05|-0.18| 0.15| 0.33|  2|-1.32|    67| 8.353|0.010| 7.875|0.009| | 0.495|0.015|G|0.57|0.02|H| | 7.9346|0.0013|0.012| 98| | 7.92| 7.96|       |C| | |          | |  | 1| | | |  |   |       |     |     |    |S| | |224806|B+22 4940 |          |          |0.57|F5          |S 
H|          68| |00 00 48.15|+16 59 20.3| 8.79| |H|000.20063628|+16.98896499| |  31.80|  -99.69| -315.90|  0.94|  0.63|  1.17|  1.14|  0.82| 0.35| 0.03|-0.12| 0.12| 0.03|-0.03| 0.03| 0.14|-0.07| 0.25|  0|-0.62|    68|10.017|0.024| 8.903|0.016| | 0.940|0.015|G|0.99|0.02|I| | 8.9324|0.0021|0.014|110| | 8.91| 8.97|       |C| | |          | |  | 1|G| | |  |   |       |     |     |    | | | |224808|B+16 5027 |          |          |0.99|K0          |S 
H|          69| |00 00 48.33|+30 23 45.2| 8.33| |H|000.20137175|+30.39589283| |   6.35|   16.48|   -1.30|  0.97|  0.58|  1.12|  1.37|  0.61|-0.02| 0.17|-0.01|-0.29| 0.17| 0.28| 0.17|-0.09| 0.24| 0.04|  0| 0.22|    69| 8.475|0.012| 8.335|0.014| | 0.135|0.017|T|0.15|0.02|L| | 8.3785|0.0011|0.011| 80| | 8.37| 8.40|       |C| | |          | |  | 1| | | |  |   |       |     |     |    |S| | |224804|B+29 5042 |          |          |0.13|A0          |S 
H|          70| |00 00 48.67|+36 46 39.5|10.42| |H|000.20280014|+36.77763945|B|   5.25|  -46.78|   -0.88| 19.36| 13.02| 13.87| 16.42| 11.24| 0.04| 0.27| 0.09|-0.04| 0.06|-0.18| 0.14| 0.06| 0.19| 0.04| 17| 2.51|    70|11.153|0.073|10.377|0.057|B| 0.706|0.072|T|0.76|0.06|L| |10.5870|0.0430|     |   |B|     |     |       |D| | |00008+3647|I| 2| 1|C|I|A|  |   |       |     |     |    | | | |      |          |          |          |0.73|            |  
H|          71| |00 00 49.70|+36 46 48.6| 8.26| |H|000.20709981|+36.78015328|A|   9.13|  -24.50|  -19.47|  2.11|  1.35|  1.84|  2.05|  1.40|-0.01| 0.25| 0.06|-0.06| 0.09|-0.15| 0.14| 0.15| 0.16| 0.02| 17| 2.51|    71| 9.319|0.017| 8.357|0.013|A| 0.846|0.016|T|0.86|0.01|L| | 8.4175|0.0069|0.032|110|A| 8.38| 8.48|       |D| | |00008+3647|I| 2| 1|C|P|A|  |   |       |     |     |    |S| | |224803|B+35 5153 |          |          |0.86|G5          |S 
H|          72| |00 00 52.67|-12 49 43.2| 8.97| |H|000.21946989|-12.82867015| |  10.63|  185.34| -119.65|  1.11|  0.63|  1.25|  1.32|  0.59| 0.26|-0.10|-0.07|-0.41|-0.09| 0.30|-0.13|-0.49| 0.30| 0.29|  3| 0.93|    72| 9.766|0.019| 9.057|0.016| | 0.671|0.002|G|0.73|0.00|H| | 9.1074|0.0016|0.016|135| | 9.08| 9.14|       |C| | |          | |  | 1| | | |  |   |       |     |     |    | | | |224810|B-13 6504 |          |          |0.73|G3/G5V      |4 
H|          73| |00 00 52.91|+66 50 52.7| 6.90| |H|000.22045719|+66.84796687| |   3.97|  -20.78|   18.19|  0.53|  0.51|  0.69|  0.67|  0.55|-0.13| 0.04| 0.23| 0.08|-0.02|-0.11| 0.01| 0.02| 0.17|-0.11|  1|-0.33|    73| 8.787|0.011| 7.054|0.006| | 1.446|0.010|T|1.44|0.02|L| | 7.0364|0.0011|0.010|130| | 7.02| 7.05|       | | | |          | |  | 1| | | |  |   |       |     |     |    |S| | |224826|B+66 1670 |          |          |1.43|K2          |S 
H|          74| |00 00 53.25|+35 45 09.8| 9.93| |H|000.22187281|+35.75272213| |  24.22|  157.73|  -40.31|  1.12|  0.82|  1.36|  1.53|  0.94| 0.18| 0.03| 0.09|-0.12| 0.01| 0.19|-0.03| 0.03| 0.15| 0.31|  2|-1.43|    74|11.364|0.075|10.112|0.038| | 1.068|0.066|T|1.03|0.05|L| |10.0824|0.0032|0.030|103| |10.04|10.15|       |R| | |          | |  | 1| | | |  |   |       |     |     |    | |G| |      |B+34 5045 |          |          |2.56|K5          |S 
H|          75| |00 00 53.56|-50 26 47.3| 7.42| |H|000.22316216|-50.44646500| |   1.60|   29.01|    2.56|  0.55|  0.53|  0.79|  0.69|  0.59|-0.08| 0.00|-0.09|-0.03|-0.11| 0.02|-0.09|-0.07|-0.05|-0.01|  0| 1.20|    75| 9.441|0.013| 7.588|0.006| | 1.524|0.020|G|1.59|0.02|A| | 7.5402|0.0013|0.015|172| | 7.52| 7.56|       | | | |          | |  | 1| | | |  |   |       |     |     |    |S| | |224821|          |C-51 13741|P-51 12067|1.59|K4III       |2 
H|          76| |00 00 54.77|+32 49 32.4| 9.03|2|H|000.22821959|+32.82567452| |   2.29|   -1.98|   -8.45|  1.02|  0.67|  1.19|  1.17|  0.71| 0.07| 0.12|-0.04| 0.40| 0.03|-0.25| 0.06| 0.19| 0.08| 0.14|  4|-0.31|    76|11.229|0.058| 9.258|0.018| | 1.670|0.050|T|2.29|0.09|O| | 9.0913|0.0032|0.034|103| | 9.04| 9.14|       |U|2| |          | |  | 1| | | |  |   |       |     |     |    | | | |      |B+32 4750 |          |          |1.74|M0          |S 
H|          77| |00 00 55.33|-30 03 51.0| 8.41| |G|000.23052169|-30.06417333| |   3.53|   18.83|    2.83|  0.90|  0.49|  1.12|  1.24|  0.61| 0.04|-0.21| 0.03|-0.11| 0.07| 0.31| 0.00|-0.39|-0.01|-0.15|  1| 1.30|    77| 8.440|0.010| 8.411|0.013| | 0.022|0.009|G|0.04|0.01|H| | 8.4315|0.0009|0.013|161| | 8.41| 8.46|       | | | |          | |  | 1| | | |  |   |       |     |     |    |S| | |224820|          |C-30 19776|P-30  6823|0.04|A0V         |3 
H|          78| |00 00 55.76|+17 52 04.2| 8.06| |H|000.23231307|+17.86784193| |   1.17|   -0.51|    3.68|  0.72|  0.56|  0.96|  0.81|  0.54| 0.41| 0.13| 0.10| 0.10| 0.06| 0.06| 0.05|-0.04| 0.01| 0.41|  0| 1.09|    78| 9.625|0.019| 8.200|0.011| | 1.203|0.017|T|1.16|0.02|L| | 8.2267|0.0015|0.012|106| | 8.21| 8.25|       |C| | |          | |  | 1| | | |  |   |       |     |     |    | | | |224816|B+17 5023 |          |          |1.13|K0          |S 
H|          79| |00 00 56.57|+35 19 00.3| 8.69| |H|000.23572286|+35.31675386| |   4.57|   16.45|  -13.81|  0.87|  0.56|  0.99|  1.06|  0.62| 0.10| 0.02| 0.02|-0.16|-0.02| 0.14|-0.04| 0.07| 0.23| 0.22|  0|-0.28|    79| 9.300|0.016| 8.735|0.015| | 0.529|0.020|T|0.60|0.02|L| | 8.8073|0.0017|0.014|100| | 8.78| 8.83|       |C| | |          | |  | 1| | | |  |   |       |     |     |    | | | |      |B+34 5046 |          |          |0.61|F5          |S 
H|          80| |00 00 58.03|-11 49 24.7| 8.40| |G|000.24179216|-11.82353722| |  15.59|  419.04|  -82.83|  1.00|  0.60|  1.43|  1.53|  0.56| 0.36|-0.17|-0.06|-0.33|-0.05| 0.51|-0.17|-0.42| 0.35| 0.37|  0|-0.94|    80| 9.086|0.011| 8.472|0.010| | 0.566|0.015|G|0.64|0.01|H| | 8.5253|0.0013|0.016|159| | 8.50| 8.55|       | | | |          | |  | 1| | | |  |   |       |     |     |    |S| | |224817|B-12 6598 |          |          |0.64|G2V         |4 
H|          81| |00 00 58.53|-04 55 55.6| 8.57| |G|000.24386443|-04.93211471| |  23.43| -184.70| -172.67|  1.25|  0.59|  1.28|  1.60|  0.58| 0.26| 0.00|-0.19|-0.03| 0.00| 0.10| 0.00|-0.38| 0.27| 0.31|  2| 0.73|    81| 9.377|0.015| 8.656|0.013| | 0.642|0.002|G|0.71|0.00|H| | 8.7088|0.0015|0.015|118| | 8.68| 8.73|       |C| | |          | |  | 1| | | |  |   |       |     |     |    |S| | |224828|B-05 6097 |          |          |0.71|G5          |S 
H|          82| |00 00 59.53|-10 56 08.9| 9.50| |G|000.24803173|-10.93580540| |   1.82|   -6.01|  -65.06|  1.15|  0.69|  1.37|  1.59|  0.64| 0.31|-0.09|-0.07|-0.03| 0.03|-0.01|-0.09|-0.41| 0.30| 0.19|  0|-0.17|    82|10.822|0.037| 9.582|0.020| | 1.107|0.015|G|1.07|0.02|I| | 9.6307|0.0023|0.025|152| | 9.60| 9.67|       |C| | |          | |  | 1| | | |  |   |       |     |     |    | | | |      |B-11 6177 |          |          |1.07|G5          |S 
H|          83| |00 00 59.54|+52 04 50.0| 8.85| |H|000.24808100|+52.08056444| |   2.28|   -2.10|   -0.99|  0.77|  0.79|  1.30|  0.90|  0.83|-0.29| 0.16| 0.13| 0.15|-0.03| 0.10| 0.00| 0.06| 0.24|-0.26|  0|-0.04|    83|11.067|0.043| 9.028|0.014| | 1.726|0.037|T|1.83|0.10|O| | 8.9461|0.0021|0.027|160| | 8.91| 8.98|       | | | |          | |  | 1| | | |  |   |       |     |     |    | | | |236274|B+51 3758 |          |          |1.81|M0          |S 
H|          84| |00 01 00.43|+27 53 10.8| 9.61| |H|000.25180722|+27.88634368| |  18.90|  225.55|   -5.46|  1.20|  0.77|  1.33|  1.54|  0.76|-0.03|-0.04| 0.19|-0.05| 0.01|-0.11| 0.01|-0.13| 0.17|-0.12|  0|-0.22|    84|10.686|0.050| 9.700|0.032| | 0.852|0.046|T|0.90|0.05|L| | 9.7504|0.0027|0.022| 80| | 9.71| 9.80|       |C| | |          | |  | 1| | | |  |   |       |     |     |    | | | |      |B+27 4663 |          |          |1.15|K0          |S 
H|          85| |00 01 01.44|-24 42 50.6|10.62| |G|000.25600730|-24.71404902| |   3.90|   48.48|    0.49|  1.69|  0.95|  2.06|  2.56|  0.95| 0.10| 0.16|-0.09| 0.34|-0.06| 0.27|-0.15|-0.40| 0.22|-0.12|  1| 0.76|    85|11.012|0.043|10.593|0.046| | 0.359|0.019|G|0.42|0.02|H| |10.6984|0.0033|0.034|148| |10.63|10.75|       | | | |          | |  | 1| | | |  |   |       |     |     |    | |G| |      |          |C-25 16747|P-25  7607|0.42|A2          |S 
H|          86| |00 01 02.49|+69 36 12.6| 8.05| |H|000.26038262|+69.60349830| |   3.47|   11.53|    2.67|  0.56|  0.58|  0.78|  0.71|  0.58| 0.02|-0.04| 0.26|-0.07| 0.03| 0.25|-0.03|-0.13| 0.16| 0.20|  0| 0.95|    86| 8.067|0.008| 8.053|0.009| | 0.018|0.011|T|0.04|0.01|L| | 8.0655|0.0014|0.014|117| | 8.04| 8.10|       |C| | |00011+6935|I| 1| 1| | | |  |   |       |     |     |    | | | |224836|B+68 1417 |          |          |0.02|B9          |S 
H|          87| |00 01 02.76|-05 50 05.9| 7.80| |G|000.26151556|-05.83497569| |   4.52|   -7.83|  -10.91|  0.87|  0.48|  1.08|  1.17|  0.53| 0.31|-0.11|-0.07|-0.04|-0.08| 0.51|-0.06|-0.35| 0.23| 0.43|  0| 1.39|    87| 8.301|0.007| 7.843|0.009| | 0.430|0.015|G|0.50|0.02|H| | 7.9001|0.0010|0.009|141| | 7.89| 7.92|       |C| | |          | |  | 1| | | |  |   |       |     |     |    |S| | |224829|B-06 6341 |          |          |0.50|F5          |S 
H|          88| |00 01 04.60|-48 48 35.5| 5.71| |H|000.26915958|-48.80985919| |   5.97|  -17.92|   -6.75|  0.44|  0.44|  0.70|  0.50|  0.54|-0.17|-0.06|-0.06|-0.15|-0.01| 0.08| 0.00|-0.19|-0.04|-0.06|  0|-0.67|    88| 6.863|0.003| 5.807|0.002| | 0.911|0.001|G|0.91|0.00|H| | 5.8690|0.0006|0.007|170| | 5.86| 5.88|       |C| | |          | |  | 1| | | |  |   |       |     |     |    |S| | |224834|          |C-49 14316|P-49 11840|0.91|G8III       |X 
H|          89| |00 01 06.52|+53 10 01.0| 7.87| |H|000.27715178|+53.16694253| |   2.60|    0.68|    0.03|  0.49|  0.58|  0.96|  0.74|  0.60|-0.41| 0.04| 0.19| 0.03| 0.04| 0.12| 0.04|-0.06| 0.09|-0.22|  0|-0.57|    89| 9.943|0.016| 8.058|0.007| | 1.566|0.014|T|1.58|0.01|L| | 7.9850|0.0012|0.016|233| | 7.96| 8.01|       | | | |          | |  | 1| | | |  |   |       |     |     |    | | | |224837|B+52 3581 |          |          |1.64|K2          |S 
H|          90| |00 01 07.20|-41 53 14.7| 7.64| |H|000.27999988|-41.88742972| |   9.35|   25.10|  -46.98|  0.60|  0.47|  0.92|  0.72|  0.60|-0.04| 0.03| 0.07| 0.28| 0.00| 0.23|-0.03|-0.33|-0.02|-0.06|  2|-0.67|    90| 8.206|0.006| 7.697|0.006| | 0.500|0.015|G|0.57|0.02|H| | 7.7519|0.0009|0.011|192| | 7.73| 7.77|       |C| | |          | |  | 1| | | |  |   |       |     |     |    |S| | |224842|          |C-42 16560|P-42  9652|0.57|F5IV/V      |2 
H|          91| |00 01 07.34|-05 52 27.6| 7.66| |H|000.28056847|-05.87433293| |   4.21|  -15.41|   -6.09|  0.95|  0.50|  1.23|  1.29|  0.56| 0.33| 0.17| 0.04| 0.02| 0.00| 0.52| 0.04|-0.27| 0.37| 0.51|  0| 1.24|    91| 9.353|0.016| 7.804|0.008| | 1.300|0.014|T|1.26|0.01|L| | 7.8145|0.0011|0.011|140| | 7.80| 7.83|       | | | |          | |  | 1| | | |  |   |       |     |     |    |S| | |224840|B-06 6342 |          |          |1.29|K0          |S 
H|          92| |00 01 09.75|-20 42 20.1| 8.68| |H|000.29062512|-20.70558648| |   4.77|   27.51|   15.15|  1.37|  0.62|  1.44|  1.58|  0.59|-0.02| 0.06| 0.09|-0.51| 0.14| 0.09| 0.14|-0.40| 0.13|-0.15|  0| 1.48|    92| 9.866|0.019| 8.774|0.013| | 0.944|0.018|T|0.93|0.01|L| | 8.8386|0.0013|0.014|127| | 8.81| 8.86|       | | | |          | |  | 1| | | |  |   |       |     |     |    | | | |224841|B-21 6516 |          |          |0.95|G8III       |4 
H|          93| |00 01 10.13|-00 04 33.3| 8.12| |G|000.29222255|-00.07592034| |  16.74|   54.94|  -73.28|  1.07|  0.61|  1.28|  1.33|  0.71| 0.25| 0.35|-0.12| 0.10|-0.09| 0.31| 0.08|-0.25| 0.36| 0.40|  0|-0.78|    93| 8.855|0.012| 8.202|0.011| | 0.619|0.015|G|0.69|0.01|H| | 8.2479|0.0014|0.012| 98| | 8.23| 8.27|       |C| | |          | |  | 1| | | |  |   |       |     |     |    |S| | |224839|B-00 4605 |          |          |0.69|F8V         |X 
H|          94| |00 01 10.76|-32 45 24.5|10.10| |H|000.29485302|-32.75680569| |  10.48|   50.32|  -12.69|  1.04|  0.69|  1.48|  1.24|  0.83| 0.08|-0.15| 0.06|-0.25| 0.03| 0.17|-0.02|-0.36| 0.12| 0.00|  1| 1.49|    94|10.798|0.033|10.099|0.028| | 0.644|0.035|T|0.71|0.03|L| |10.2385|0.0019|0.027|195| |10.18|10.29|       |C| | |          | |  | 1| | | |  |   |       |     |     |    | | | |      |          |C-33 16806|P-33  6427|0.75|G2          |S 
H|          95| |00 01 12.49|-11 57 50.4| 8.67| |H|000.30203883|-11.96400015| |   7.85|   -9.94|  -13.75|  0.88|  0.57|  1.17|  1.36|  0.55| 0.26|-0.07| 0.02|-0.10| 0.01| 0.50|-0.07|-0.40| 0.28| 0.31|  0|-1.27|    95| 9.263|0.012| 8.724|0.011| | 0.513|0.012|T|0.59|0.01|L| | 8.7811|0.0014|0.016|158| | 8.76| 8.82|       |C| | |          | |  | 1| | | |  |   |       |     |     |    |S| | |224847|B-12 6599 |          |          |0.57|F5V         |4 
H|          96| |00 01 13.17|+13 58 29.1|10.46| |G|000.30489357|+13.97474826|A|  19.83|   20.59|  139.82|  4.63|  3.08|  5.16|  4.67|  3.04| 0.42| 0.02| 0.08| 0.10|-0.13| 0.07|-0.12|-0.18| 0.05| 0.50| 14| 2.03|    96|11.875|0.107|10.693|0.060|A| 1.360|0.010|G|1.59|0.02|I| |10.6082|0.0225|0.088|131|A|10.53|10.88|       |D| | |00012+1358|M| 1| 2|C| |A|AB|204| 11.799|0.013| 0.54|0.05| |G|P|      |B+13 5195 |          |          |1.59|M0          |S 
H|          98| |00 01 13.72|-52 47 54.9| 9.87| |H|000.30717811|-52.79857954| |   6.49|   -2.09|    1.70|  0.74|  0.95|  1.44|  0.88|  0.95|-0.34|-0.18| 0.04| 0.23| 0.07| 0.01| 0.07| 0.00|-0.11|-0.30|  0| 0.86|    98|10.503|0.022| 9.914|0.020| | 0.551|0.022|T|0.62|0.02|L| | 9.9890|0.0024|0.035|252| | 9.93|10.05|       | | | |          | |  | 1| | |S|  |   |       |     |     |    | | | |224851|          |          |P-53 10570|0.59|F6/F7V      |1 
H|          97| |00 01 13.76|-21 24 14.6| 9.48| |H|000.30733362|-21.40404527| |   5.52|   18.34|    1.21|  1.39|  0.68|  1.74|  2.05|  0.69| 0.06| 0.23| 0.26|-0.31| 0.12|-0.08| 0.12|-0.29| 0.03|-0.23|  0| 0.58|    97|10.082|0.023| 9.521|0.022| | 0.530|0.024|T|0.60|0.03|L| | 9.5922|0.0023|0.021|134| | 9.56| 9.63|       |C| | |          | |  | 1| | | |  |   |       |     |     |    |S| | |224849|B-22 6246 |C-22 16550|P-22  8428|0.55|F5V         |4 
H|          99| |00 01 15.84|+60 21 19.1| 7.04|2|H|000.31601620|+60.35529798| |   1.27|    9.57|   -6.49|  0.47|  0.51|  0.70|  0.55|  0.57|-0.10| 0.06| 0.15| 0.13| 0.01|-0.03| 0.03| 0.03| 0.26|-0.10|  0| 0.52|    99|11.006|0.055| 7.383|0.006| | 2.835|0.040|T|2.91|0.04|L| | 6.9749|0.0143|0.157|153| | 6.77| 7.21|       |U|2|B|00013+6021|I| 1| 1| | |S|  |   |       |     |     |    | | | |224855|B+59 2810 |          |          |2.85|C5p         |G 
H|         100| |00 01 15.95|+19 44 28.7| 8.44| |H|000.31645128|+19.74131648| |   4.49|  -29.13|  -30.14|  0.84|  0.61|  1.08|  0.92|  0.63| 0.31| 0.00|-0.12|-0.04| 0.10| 0.06| 0.09| 0.04| 0.16| 0.40|  0| 0.26|   100| 9.525|0.019| 8.540|0.014| | 0.898|0.015|G|0.90|0.01|H| | 8.6023|0.0014|0.015|103| | 8.57| 8.63|       |D| | |          | |  | 1| | | |  |   |       |     |     |    |S| | |224844|B+18 5256 |          |          |0.90|G0          |S 
